rm -rf ./output/*.*
./lbm params.dat
sizex = 5
sizey = 5
timesteps = 10
omega = 1.9
vtk_file = example.vtk
vtk_step = 10
vtk_file = example
@@@@################@@@@@@@@@@@@@@@@@@@@@@
1 1 0.444444 0.111111 0.0277777 0.111111 0.0277777 0.111111 0.0277777 0.111111 0.0277777 0 0 1 0 
1 2 0.444444 0.111111 0.0277777 0.111111 0.0277777 0.111111 0.0277777 0.111111 0.0277777 0 0 1 0 
1 3 0.444444 0.111111 0.0277777 0.111111 0.0277777 0.111111 0.0277777 0.111111 0.0277777 0 0 1 0 
1 4 0.444444 0.111111 0.0277777 0.111111 0.0277777 0.111111 0.0277777 0.111111 0.0277777 0 0 1 0 
1 5 0.444444 0.111111 0.0277777 0.111111 0.0277777 0.111111 0.0277777 0.111111 0.0277777 0 0 1 0 
2 1 0.444444 0.111111 0.0277777 0.111111 0.0277777 0.111111 0.0277777 0.111111 0.0277777 0 0 1 0 
2 2 0.444444 0.111111 0.0277777 0.111111 0.0277777 0.111111 0.0277777 0.111111 0.0277777 0 0 1 0 
2 3 0.444444 0.111111 0.0277777 0.111111 0.0277777 0.111111 0.0277777 0.111111 0.0277777 0 0 1 0 
2 4 0.444444 0.111111 0.0277777 0.111111 0.0277777 0.111111 0.0277777 0.111111 0.0277777 0 0 1 0 
2 5 0.444444 0.111111 0.0277777 0.111111 0.0277777 0.111111 0.0277777 0.111111 0.0277777 0 0 1 0 
3 1 0.444444 0.111111 0.0277777 0.111111 0.0277777 0.111111 0.0277777 0.111111 0.0277777 0 0 1 0 
3 2 0.444444 0.111111 0.0277777 0.111111 0.0277777 0.111111 0.0277777 0.111111 0.0277777 0 0 1 0 
3 3 0.444444 0.111111 0.0277777 0.111111 0.0277777 0.111111 0.0277777 0.111111 0.0277777 0 0 1 0 
3 4 0.444444 0.111111 0.0277777 0.111111 0.0277777 0.111111 0.0277777 0.111111 0.0277777 0 0 1 0 
3 5 0.444444 0.111111 0.0277777 0.111111 0.0277777 0.111111 0.0277777 0.111111 0.0277777 0 0 1 0 
4 1 0.444444 0.111111 0.0277777 0.111111 0.0277777 0.111111 0.0277777 0.111111 0.0277777 0 0 1 0 
4 2 0.444444 0.111111 0.0277777 0.111111 0.0277777 0.111111 0.0277777 0.111111 0.0277777 0 0 1 0 
4 3 0.444444 0.111111 0.0277777 0.111111 0.0277777 0.111111 0.0277777 0.111111 0.0277777 0 0 1 0 
4 4 0.444444 0.111111 0.0277777 0.111111 0.0277777 0.111111 0.0277777 0.111111 0.0277777 0 0 1 0 
4 5 0.444444 0.111111 0.0277777 0.111111 0.0277777 0.111111 0.0277777 0.111111 0.0277777 0 0 1 0 
5 1 0.444444 0.111111 0.0277777 0.111111 0.0277777 0.111111 0.0277777 0.111111 0.0277777 0 0 1 0 
5 2 0.444444 0.111111 0.0277777 0.111111 0.0277777 0.111111 0.0277777 0.111111 0.0277777 0 0 1 0 
5 3 0.444444 0.111111 0.0277777 0.111111 0.0277777 0.111111 0.0277777 0.111111 0.0277777 0 0 1 0 
5 4 0.444444 0.111111 0.0277777 0.111111 0.0277777 0.111111 0.0277777 0.111111 0.0277777 0 0 1 0 
5 5 0.444444 0.111111 0.0277777 0.111111 0.0277777 0.111111 0.0277777 0.111111 0.0277777 0 0 1 0 

1 1 0.444444 0.111111 0.0277777 0.111111 0.0277777 0.111111 0.0277777 0.111111 0.0277777 0 0 1 0 
1 2 0.444444 0.111111 0.0277777 0.111111 0.0277777 0.111111 0.0277777 0.111111 0.0277777 0 0 1 0 
1 3 0.444444 0.111111 0.0277777 0.111111 0.0277777 0.111111 0.0277777 0.111111 0.0277777 0 0 1 0 
1 4 0.444444 0.111111 0.0277777 0.111111 0.0277777 0.111111 0.0277777 0.111111 0.0277777 0 0 1 0 
1 5 0.444444 0.111111 0.0277777 0.111111 0.0277777 0.111111 0.0277777 0.111111 0.0277777 0 0 1 0 
2 1 0.444444 0.111111 0.0277777 0.111111 0.0277777 0.111111 0.0277777 0.111111 0.0277777 0 0 1 0 
2 2 0.444444 0.111111 0.0277777 0.111111 0.0277777 0.111111 0.0277777 0.111111 0.0277777 0 0 1 0 
2 3 0.444444 0.111111 0.0277777 0.111111 0.0277777 0.111111 0.0277777 0.111111 0.0277777 0 0 1 0 
2 4 0.444444 0.111111 0.0277777 0.111111 0.0277777 0.111111 0.0277777 0.111111 0.0277777 0 0 1 0 
2 5 0.444444 0.111111 0.0277777 0.111111 0.0277777 0.111111 0.0277777 0.111111 0.0277777 0 0 1 0 
3 1 0.444444 0.111111 0.0277777 0.111111 0.0277777 0.111111 0.0277777 0.111111 0.0277777 0 0 1 0 
3 2 0.444444 0.111111 0.0277777 0.111111 0.0277777 0.111111 0.0277777 0.111111 0.0277777 0 0 1 0 
3 3 0.444444 0.111111 0.0277777 0.111111 0.0277777 0.111111 0.0277777 0.111111 0.0277777 0 0 1 0 
3 4 0.444444 0.111111 0.0277777 0.111111 0.0277777 0.111111 0.0277777 0.111111 0.0277777 0 0 1 0 
3 5 0.444444 0.111111 0.0277777 0.111111 0.0277777 0.111111 0.0277777 0.111111 0.0277777 0 0 1 0 
4 1 0.444444 0.111111 0.0277777 0.111111 0.0277777 0.111111 0.0277777 0.111111 0.0277777 0 0 1 0 
4 2 0.444444 0.111111 0.0277777 0.111111 0.0277777 0.111111 0.0277777 0.111111 0.0277777 0 0 1 0 
4 3 0.444444 0.111111 0.0277777 0.111111 0.0277777 0.111111 0.0277777 0.111111 0.0277777 0 0 1 0 
4 4 0.444444 0.111111 0.0277777 0.111111 0.0277777 0.111111 0.0277777 0.111111 0.0277777 0 0 1 0 
4 5 0.444444 0.111111 0.0277777 0.111111 0.0277777 0.111111 0.0277777 0.111111 0.0277777 0 0 1 0 
5 1 0.444444 0.111111 0.0277777 0.111111 0.0277777 0.111111 0.0277777 0.111111 0.0277777 0 0 1 0 
5 2 0.444444 0.111111 0.0277777 0.111111 0.0277777 0.111111 0.0277777 0.111111 0.0277777 0 0 1 0 
5 3 0.444444 0.111111 0.0277777 0.111111 0.0277777 0.111111 0.0277777 0.111111 0.0277777 0 0 1 0 
5 4 0.444444 0.111111 0.0277777 0.111111 0.0277777 0.111111 0.0277777 0.111111 0.0277777 0 0 1 0 
5 5 0.444444 0.111111 0.0277777 0.111111 0.0277777 0.111111 0.0277777 0.111111 0.0277777 0 0 1 0 

1 1 0.444444 0.111111 0.0277777 0.111111 0.0277777 0.111111 0.0277777 0.111111 0.0277777 0 3.46945e-18 1 0 
1 2 0.444444 0.111111 0.0277777 0.111111 0.0277777 0.111111 0.0277777 0.111111 0.0277777 0 3.46945e-18 1 0 
1 3 0.444444 0.111111 0.0277777 0.111111 0.0277777 0.111111 0.0277777 0.111111 0.0277777 0 3.46945e-18 1 0 
1 4 0.444444 0.111111 0.0277777 0.111111 0.0277777 0.111111 0.0277777 0.111111 0.0277777 0 3.46945e-18 1 0 
1 5 0.444444 0.111111 0.0277777 0.111111 0.0277777 0.111111 0.0277777 0.111111 0.0277777 0 3.46945e-18 1 0 
2 1 0.444444 0.111111 0.0277777 0.111111 0.0277777 0.111111 0.0277777 0.111111 0.0277777 0 3.46945e-18 1 0 
2 2 0.444444 0.111111 0.0277777 0.111111 0.0277777 0.111111 0.0277777 0.111111 0.0277777 0 3.46945e-18 1 0 
2 3 0.444444 0.111111 0.0277777 0.111111 0.0277777 0.111111 0.0277777 0.111111 0.0277777 0 3.46945e-18 1 0 
2 4 0.444444 0.111111 0.0277777 0.111111 0.0277777 0.111111 0.0277777 0.111111 0.0277777 0 3.46945e-18 1 0 
2 5 0.444444 0.111111 0.0277777 0.111111 0.0277777 0.111111 0.0277777 0.111111 0.0277777 0 3.46945e-18 1 0 
3 1 0.444444 0.111111 0.0277777 0.111111 0.0277777 0.111111 0.0277777 0.111111 0.0277777 0 3.46945e-18 1 0 
3 2 0.444444 0.111111 0.0277777 0.111111 0.0277777 0.111111 0.0277777 0.111111 0.0277777 0 3.46945e-18 1 0 
3 3 0.444444 0.111111 0.0277777 0.111111 0.0277777 0.111111 0.0277777 0.111111 0.0277777 0 3.46945e-18 1 0 
3 4 0.444444 0.111111 0.0277777 0.111111 0.0277777 0.111111 0.0277777 0.111111 0.0277777 0 3.46945e-18 1 0 
3 5 0.444444 0.111111 0.0277777 0.111111 0.0277777 0.111111 0.0277777 0.111111 0.0277777 0 3.46945e-18 1 0 
4 1 0.444444 0.111111 0.0277777 0.111111 0.0277777 0.111111 0.0277777 0.111111 0.0277777 0 3.46945e-18 1 0 
4 2 0.444444 0.111111 0.0277777 0.111111 0.0277777 0.111111 0.0277777 0.111111 0.0277777 0 3.46945e-18 1 0 
4 3 0.444444 0.111111 0.0277777 0.111111 0.0277777 0.111111 0.0277777 0.111111 0.0277777 0 3.46945e-18 1 0 
4 4 0.444444 0.111111 0.0277777 0.111111 0.0277777 0.111111 0.0277777 0.111111 0.0277777 0 3.46945e-18 1 0 
4 5 0.444444 0.111111 0.0277777 0.111111 0.0277777 0.111111 0.0277777 0.111111 0.0277777 0 3.46945e-18 1 0 
5 1 0.444444 0.116913 0.0314978 0.116913 0.0270451 0.0997955 0.0349393 0.0997955 0.0270451 0.0135135 0.0135135 0.986666 0 
5 2 0.444444 0.12845 0.0321125 0.110886 0.0236681 0.0946725 0.035668 0.110886 0.0201125 0.0266666 0 1 0 
5 3 0.444444 0.12845 0.0321125 0.110886 0.0236681 0.0946725 0.035668 0.110886 0.0201125 0.0266666 0 1 0 
5 4 0.444444 0.12845 0.0321125 0.110886 0.0236681 0.0946725 0.035668 0.110886 0.0201125 0.0266666 0 1 0 
5 5 0.444444 0.122314 0.028454 0.105647 0.0244518 0.105647 0.028454 0.122314 0.0207851 0.0131579 -0.0131579 1.01333 0 

1 1 0.444444 0.111111 0.0277777 0.111111 0.0277777 0.111111 0.0277777 0.111111 0.0277777 0 3.46945e-18 1 0 
1 2 0.444444 0.111111 0.0277777 0.111111 0.0277777 0.111111 0.0277777 0.111111 0.0277777 0 3.46945e-18 1 0 
1 3 0.444444 0.111111 0.0277777 0.111111 0.0277777 0.111111 0.0277777 0.111111 0.0277777 0 3.46945e-18 1 0 
1 4 0.444444 0.111111 0.0277777 0.111111 0.0277777 0.111111 0.0277777 0.111111 0.0277777 0 3.46945e-18 1 0 
1 5 0.444444 0.111111 0.0277777 0.111111 0.0277777 0.111111 0.0277777 0.111111 0.0277777 0 3.46945e-18 1 0 
2 1 0.444444 0.111111 0.0277777 0.111111 0.0277777 0.111111 0.0277777 0.111111 0.0277777 0 3.46945e-18 1 0 
2 2 0.444444 0.111111 0.0277777 0.111111 0.0277777 0.111111 0.0277777 0.111111 0.0277777 0 3.46945e-18 1 0 
2 3 0.444444 0.111111 0.0277777 0.111111 0.0277777 0.111111 0.0277777 0.111111 0.0277777 0 3.46945e-18 1 0 
2 4 0.444444 0.111111 0.0277777 0.111111 0.0277777 0.111111 0.0277777 0.111111 0.0277777 0 3.46945e-18 1 0 
2 5 0.444444 0.111111 0.0277777 0.111111 0.0277777 0.111111 0.0277777 0.111111 0.0277777 0 3.46945e-18 1 0 
3 1 0.444444 0.111111 0.0277777 0.111111 0.0277777 0.111111 0.0277777 0.111111 0.0277777 0 3.46945e-18 1 0 
3 2 0.444444 0.111111 0.0277777 0.111111 0.0277777 0.111111 0.0277777 0.111111 0.0277777 0 3.46945e-18 1 0 
3 3 0.444444 0.111111 0.0277777 0.111111 0.0277777 0.111111 0.0277777 0.111111 0.0277777 0 3.46945e-18 1 0 
3 4 0.444444 0.111111 0.0277777 0.111111 0.0277777 0.111111 0.0277777 0.111111 0.0277777 0 3.46945e-18 1 0 
3 5 0.444444 0.111111 0.0277777 0.111111 0.0277777 0.111111 0.0277777 0.111111 0.0277777 0 3.46945e-18 1 0 
4 1 0.444444 0.111111 0.0277777 0.111111 0.0277777 0.111111 0.0277777 0.111111 0.0277777 0 3.46945e-18 1 0 
4 2 0.444444 0.111111 0.0277777 0.111111 0.0277777 0.111111 0.0277777 0.111111 0.0277777 0 3.46945e-18 1 0 
4 3 0.444444 0.111111 0.0277777 0.111111 0.0277777 0.111111 0.0277777 0.111111 0.0277777 0 3.46945e-18 1 0 
4 4 0.444444 0.111111 0.0277777 0.111111 0.0277777 0.111111 0.0277777 0.111111 0.0277777 0 3.46945e-18 1 0 
4 5 0.444444 0.111111 0.0277777 0.111111 0.0277777 0.111111 0.0277777 0.111111 0.0277777 0 3.46945e-18 1 0 
5 1 0.444444 0.116913 0.0314978 0.116913 0.0270451 0.0997955 0.0349393 0.0997955 0.0270451 0.0135135 0.0135135 0.986666 0 
5 2 0.444444 0.12845 0.0321125 0.110886 0.0236681 0.0946725 0.035668 0.110886 0.0201125 0.0266666 0 1 0 
5 3 0.444444 0.12845 0.0321125 0.110886 0.0236681 0.0946725 0.035668 0.110886 0.0201125 0.0266666 0 1 0 
5 4 0.444444 0.12845 0.0321125 0.110886 0.0236681 0.0946725 0.035668 0.110886 0.0201125 0.0266666 0 1 0 
5 5 0.444444 0.122314 0.028454 0.105647 0.0244518 0.105647 0.028454 0.122314 0.0207851 0.0131579 -0.0131579 1.01333 0 

1 1 0.444444 0.111111 0.0277777 0.111111 0.0277777 0.111111 0.0277777 0.111111 0.0277777 1.38778e-17 6.9389e-18 0.999999 0 
1 2 0.444444 0.111111 0.0277777 0.111111 0.0277777 0.111111 0.0277777 0.111111 0.0277777 1.38778e-17 6.9389e-18 0.999999 0 
1 3 0.444444 0.111111 0.0277777 0.111111 0.0277777 0.111111 0.0277777 0.111111 0.0277777 1.38778e-17 6.9389e-18 0.999999 0 
1 4 0.444444 0.111111 0.0277777 0.111111 0.0277777 0.111111 0.0277777 0.111111 0.0277777 1.38778e-17 6.9389e-18 0.999999 0 
1 5 0.444444 0.111111 0.0277777 0.111111 0.0277777 0.111111 0.0277777 0.111111 0.0277777 1.38778e-17 6.9389e-18 0.999999 0 
2 1 0.444444 0.111111 0.0277777 0.111111 0.0277777 0.111111 0.0277777 0.111111 0.0277777 1.38778e-17 6.9389e-18 0.999999 0 
2 2 0.444444 0.111111 0.0277777 0.111111 0.0277777 0.111111 0.0277777 0.111111 0.0277777 1.38778e-17 6.9389e-18 0.999999 0 
2 3 0.444444 0.111111 0.0277777 0.111111 0.0277777 0.111111 0.0277777 0.111111 0.0277777 1.38778e-17 6.9389e-18 0.999999 0 
2 4 0.444444 0.111111 0.0277777 0.111111 0.0277777 0.111111 0.0277777 0.111111 0.0277777 1.38778e-17 6.9389e-18 0.999999 0 
2 5 0.444444 0.111111 0.0277777 0.111111 0.0277777 0.111111 0.0277777 0.111111 0.0277777 1.38778e-17 6.9389e-18 0.999999 0 
3 1 0.444444 0.111111 0.0277777 0.111111 0.0277777 0.111111 0.0277777 0.111111 0.0277777 1.38778e-17 6.9389e-18 0.999999 0 
3 2 0.444444 0.111111 0.0277777 0.111111 0.0277777 0.111111 0.0277777 0.111111 0.0277777 1.38778e-17 6.9389e-18 0.999999 0 
3 3 0.444444 0.111111 0.0277777 0.111111 0.0277777 0.111111 0.0277777 0.111111 0.0277777 1.38778e-17 6.9389e-18 0.999999 0 
3 4 0.444444 0.111111 0.0277777 0.111111 0.0277777 0.111111 0.0277777 0.111111 0.0277777 1.38778e-17 6.9389e-18 0.999999 0 
3 5 0.444444 0.111111 0.0277777 0.111111 0.0277777 0.111111 0.0277777 0.111111 0.0277777 1.38778e-17 6.9389e-18 0.999999 0 
4 1 0.444444 0.105409 0.0268864 0.112552 0.0294194 0.115438 0.0212039 0.118383 0.0258238 -0.00791748 0.00343693 0.996574 0 
4 2 0.444444 0.107182 0.0257447 0.108221 0.0284005 0.11803 0.0235354 0.117144 0.0285282 -0.00856361 -0.00688484 1.00693 0 
4 3 0.444444 0.101412 0.025353 0.111034 0.0302789 0.121116 0.0231776 0.111237 0.0322517 -0.0155555 6.07998e-10 0.999999 0 
4 4 0.444444 0.104295 0.0272077 0.114201 0.0299263 0.114937 0.0269586 0.1052 0.0318633 -0.00840208 0.0072665 0.992785 0 
4 5 0.444444 0.107053 0.0262208 0.109615 0.028614 0.116728 0.0297559 0.103997 0.0342103 -0.00763816 -0.0035253 1.00354 0 
5 1 0.444444 0.129991 0.0255656 0.113351 0.0248883 0.107102 0.0299854 0.0929202 0.0286203 0.0217109 0.0120076 0.974863 0 
5 2 0.444444 0.130605 0.0339565 0.108336 0.0210057 0.0988178 0.0291044 0.108538 0.0256552 0.0408973 6.14534e-10 0.989362 0 
5 3 0.444444 0.130309 0.0364785 0.110446 0.0200267 0.0949016 0.0281253 0.110649 0.0281771 0.0519531 6.0745e-10 1.0009 0 
5 4 0.444444 0.124731 0.0350841 0.113098 0.0222453 0.0938988 0.030344 0.1133 0.0267828 0.0405436 6.00862e-10 1.01187 0 
5 5 0.444444 0.115269 0.0307453 0.109167 0.0303589 0.0930842 0.0269762 0.129151 0.0257523 0.0218744 -0.0118942 1.02677 0 

1 1 0.444444 0.111111 0.0277777 0.111111 0.0277777 0.111111 0.0277777 0.111111 0.0277777 1.38778e-17 6.9389e-18 0.999999 0 
1 2 0.444444 0.111111 0.0277777 0.111111 0.0277777 0.111111 0.0277777 0.111111 0.0277777 1.38778e-17 6.9389e-18 0.999999 0 
1 3 0.444444 0.111111 0.0277777 0.111111 0.0277777 0.111111 0.0277777 0.111111 0.0277777 1.38778e-17 6.9389e-18 0.999999 0 
1 4 0.444444 0.111111 0.0277777 0.111111 0.0277777 0.111111 0.0277777 0.111111 0.0277777 1.38778e-17 6.9389e-18 0.999999 0 
1 5 0.444444 0.111111 0.0277777 0.111111 0.0277777 0.111111 0.0277777 0.111111 0.0277777 1.38778e-17 6.9389e-18 0.999999 0 
2 1 0.444444 0.111111 0.0277777 0.111111 0.0277777 0.111111 0.0277777 0.111111 0.0277777 1.38778e-17 6.9389e-18 0.999999 0 
2 2 0.444444 0.111111 0.0277777 0.111111 0.0277777 0.111111 0.0277777 0.111111 0.0277777 1.38778e-17 6.9389e-18 0.999999 0 
2 3 0.444444 0.111111 0.0277777 0.111111 0.0277777 0.111111 0.0277777 0.111111 0.0277777 1.38778e-17 6.9389e-18 0.999999 0 
2 4 0.444444 0.111111 0.0277777 0.111111 0.0277777 0.111111 0.0277777 0.111111 0.0277777 1.38778e-17 6.9389e-18 0.999999 0 
2 5 0.444444 0.111111 0.0277777 0.111111 0.0277777 0.111111 0.0277777 0.111111 0.0277777 1.38778e-17 6.9389e-18 0.999999 0 
3 1 0.444444 0.111111 0.0277777 0.111111 0.0277777 0.111111 0.0277777 0.111111 0.0277777 1.38778e-17 6.9389e-18 0.999999 0 
3 2 0.444444 0.111111 0.0277777 0.111111 0.0277777 0.111111 0.0277777 0.111111 0.0277777 1.38778e-17 6.9389e-18 0.999999 0 
3 3 0.444444 0.111111 0.0277777 0.111111 0.0277777 0.111111 0.0277777 0.111111 0.0277777 1.38778e-17 6.9389e-18 0.999999 0 
3 4 0.444444 0.111111 0.0277777 0.111111 0.0277777 0.111111 0.0277777 0.111111 0.0277777 1.38778e-17 6.9389e-18 0.999999 0 
3 5 0.444444 0.111111 0.0277777 0.111111 0.0277777 0.111111 0.0277777 0.111111 0.0277777 1.38778e-17 6.9389e-18 0.999999 0 
4 1 0.444444 0.105409 0.0268864 0.112552 0.0294194 0.115438 0.0212039 0.118383 0.0258238 -0.00791748 0.00343693 0.996574 0 
4 2 0.444444 0.107182 0.0257447 0.108221 0.0284005 0.11803 0.0235354 0.117144 0.0285282 -0.00856361 -0.00688484 1.00693 0 
4 3 0.444444 0.101412 0.025353 0.111034 0.0302789 0.121116 0.0231776 0.111237 0.0322517 -0.0155555 6.07998e-10 0.999999 0 
4 4 0.444444 0.104295 0.0272077 0.114201 0.0299263 0.114937 0.0269586 0.1052 0.0318633 -0.00840208 0.0072665 0.992785 0 
4 5 0.444444 0.107053 0.0262208 0.109615 0.028614 0.116728 0.0297559 0.103997 0.0342103 -0.00763816 -0.0035253 1.00354 0 
5 1 0.444444 0.129991 0.0255656 0.113351 0.0248883 0.107102 0.0299854 0.0929202 0.0286203 0.0217109 0.0120076 0.974863 0 
5 2 0.444444 0.130605 0.0339565 0.108336 0.0210057 0.0988178 0.0291044 0.108538 0.0256552 0.0408973 6.14534e-10 0.989362 0 
5 3 0.444444 0.130309 0.0364785 0.110446 0.0200267 0.0949016 0.0281253 0.110649 0.0281771 0.0519531 6.0745e-10 1.0009 0 
5 4 0.444444 0.124731 0.0350841 0.113098 0.0222453 0.0938988 0.030344 0.1133 0.0267828 0.0405436 6.00862e-10 1.01187 0 
5 5 0.444444 0.115269 0.0307453 0.109167 0.0303589 0.0930842 0.0269762 0.129151 0.0257523 0.0218744 -0.0118942 1.02677 0 

1 1 0.444444 0.111111 0.0277777 0.111111 0.0277777 0.111111 0.0277777 0.111111 0.0277777 -6.9389e-18 -1.04084e-17 0.999999 0 
1 2 0.444444 0.111111 0.0277777 0.111111 0.0277777 0.111111 0.0277777 0.111111 0.0277777 -6.9389e-18 -1.04084e-17 0.999999 0 
1 3 0.444444 0.111111 0.0277777 0.111111 0.0277777 0.111111 0.0277777 0.111111 0.0277777 -6.9389e-18 -1.04084e-17 0.999999 0 
1 4 0.444444 0.111111 0.0277777 0.111111 0.0277777 0.111111 0.0277777 0.111111 0.0277777 -6.9389e-18 -1.04084e-17 0.999999 0 
1 5 0.444444 0.111111 0.0277777 0.111111 0.0277777 0.111111 0.0277777 0.111111 0.0277777 -2.08167e-17 -1.04084e-17 0.999999 0 
2 1 0.444444 0.111111 0.0277777 0.111111 0.0277777 0.111111 0.0277777 0.111111 0.0277777 -6.9389e-18 -1.04084e-17 0.999999 0 
2 2 0.444444 0.111111 0.0277777 0.111111 0.0277777 0.111111 0.0277777 0.111111 0.0277777 2.08167e-17 1.73473e-17 0.999999 0 
2 3 0.444444 0.111111 0.0277777 0.111111 0.0277777 0.111111 0.0277777 0.111111 0.0277777 2.08167e-17 1.73473e-17 0.999999 0 
2 4 0.444444 0.111111 0.0277777 0.111111 0.0277777 0.111111 0.0277777 0.111111 0.0277777 2.08167e-17 1.73473e-17 0.999999 0 
2 5 0.444444 0.111111 0.0277777 0.111111 0.0277777 0.111111 0.0277777 0.111111 0.0277777 6.9389e-18 1.73473e-17 0.999999 0 
3 1 0.444444 0.114438 0.0281272 0.109838 0.0268 0.10908 0.0315624 0.107119 0.0290958 0.00422951 -0.00302032 1.00303 0 
3 2 0.444444 0.112682 0.0282537 0.111329 0.027414 0.109329 0.0313904 0.105239 0.0298459 0.00264761 0.000520755 0.999479 0 
3 3 0.444444 0.112119 0.0280205 0.111086 0.0275235 0.110131 0.0282788 0.111045 0.0273633 0.00156952 -5.75159e-05 1.00006 0 
3 4 0.444444 0.112809 0.028116 0.110881 0.0273273 0.109649 0.0257168 0.116886 0.0242618 0.00249441 -0.000540643 1.00054 0 
3 5 0.444444 0.113075 0.0287576 0.112396 0.0274481 0.107884 0.0264981 0.114951 0.024107 0.00409801 0.0030373 0.996971 0 
4 1 0.444444 0.0993508 0.0330927 0.114443 0.0300829 0.108348 0.0260467 0.119743 0.023005 -0.00894447 0.00874081 0.989449 0 
4 2 0.444444 0.107398 0.0257754 0.112529 0.0305982 0.112474 0.029829 0.113099 0.0246004 -0.0151673 0.0013782 1.00292 0 
4 3 0.444444 0.106837 0.0258281 0.111048 0.0297693 0.115622 0.0274537 0.111441 0.0277328 -0.0124453 1.81158e-05 0.999879 0 
4 4 0.444444 0.110521 0.0251772 0.109431 0.0296332 0.114657 0.0309458 0.10973 0.0253608 -0.0141475 -0.00179133 0.997705 0 
4 5 0.444444 0.114193 0.0256518 0.107798 0.0224926 0.122521 0.0325919 0.102907 0.0293108 -0.00853505 -0.00895649 1.01105 0 
5 1 0.444444 0.123641 0.0316928 0.117304 0.0253155 0.101736 0.0336614 0.0899085 0.0291473 0.0231791 0.0210607 0.971774 0 
5 2 0.444444 0.12383 0.0363852 0.113967 0.0188321 0.0977733 0.0269502 0.111213 0.0289247 0.0455031 0.00209238 0.998022 0 
5 3 0.444444 0.122265 0.0367382 0.110999 0.0194858 0.101305 0.0256566 0.111839 0.0299722 0.0426283 -0.000245559 1.00261 0 
5 4 0.444444 0.126692 0.0377699 0.107556 0.019899 0.100045 0.0266853 0.111392 0.0293788 0.0474862 -0.00224422 1.00643 0 
5 5 0.444444 0.120191 0.0302688 0.106094 0.024695 0.0993766 0.0262141 0.132343 0.0223434 0.0231555 -0.0204055 1.03062 0 

1 1 0.444444 0.111111 0.0277777 0.111111 0.0277777 0.111111 0.0277777 0.111111 0.0277777 -6.9389e-18 -1.04084e-17 0.999999 0 
1 2 0.444444 0.111111 0.0277777 0.111111 0.0277777 0.111111 0.0277777 0.111111 0.0277777 -6.9389e-18 -1.04084e-17 0.999999 0 
1 3 0.444444 0.111111 0.0277777 0.111111 0.0277777 0.111111 0.0277777 0.111111 0.0277777 -6.9389e-18 -1.04084e-17 0.999999 0 
1 4 0.444444 0.111111 0.0277777 0.111111 0.0277777 0.111111 0.0277777 0.111111 0.0277777 -6.9389e-18 -1.04084e-17 0.999999 0 
1 5 0.444444 0.111111 0.0277777 0.111111 0.0277777 0.111111 0.0277777 0.111111 0.0277777 -2.08167e-17 -1.04084e-17 0.999999 0 
2 1 0.444444 0.111111 0.0277777 0.111111 0.0277777 0.111111 0.0277777 0.111111 0.0277777 -6.9389e-18 -1.04084e-17 0.999999 0 
2 2 0.444444 0.111111 0.0277777 0.111111 0.0277777 0.111111 0.0277777 0.111111 0.0277777 2.08167e-17 1.73473e-17 0.999999 0 
2 3 0.444444 0.111111 0.0277777 0.111111 0.0277777 0.111111 0.0277777 0.111111 0.0277777 2.08167e-17 1.73473e-17 0.999999 0 
2 4 0.444444 0.111111 0.0277777 0.111111 0.0277777 0.111111 0.0277777 0.111111 0.0277777 2.08167e-17 1.73473e-17 0.999999 0 
2 5 0.444444 0.111111 0.0277777 0.111111 0.0277777 0.111111 0.0277777 0.111111 0.0277777 6.9389e-18 1.73473e-17 0.999999 0 
3 1 0.444444 0.114438 0.0281272 0.109838 0.0268 0.10908 0.0315624 0.107119 0.0290958 0.00422951 -0.00302032 1.00303 0 
3 2 0.444444 0.112682 0.0282537 0.111329 0.027414 0.109329 0.0313904 0.105239 0.0298459 0.00264761 0.000520755 0.999479 0 
3 3 0.444444 0.112119 0.0280205 0.111086 0.0275235 0.110131 0.0282788 0.111045 0.0273633 0.00156952 -5.75159e-05 1.00006 0 
3 4 0.444444 0.112809 0.028116 0.110881 0.0273273 0.109649 0.0257168 0.116886 0.0242618 0.00249441 -0.000540643 1.00054 0 
3 5 0.444444 0.113075 0.0287576 0.112396 0.0274481 0.107884 0.0264981 0.114951 0.024107 0.00409801 0.0030373 0.996971 0 
4 1 0.444444 0.0993508 0.0330927 0.114443 0.0300829 0.108348 0.0260467 0.119743 0.023005 -0.00894447 0.00874081 0.989449 0 
4 2 0.444444 0.107398 0.0257754 0.112529 0.0305982 0.112474 0.029829 0.113099 0.0246004 -0.0151673 0.0013782 1.00292 0 
4 3 0.444444 0.106837 0.0258281 0.111048 0.0297693 0.115622 0.0274537 0.111441 0.0277328 -0.0124453 1.81158e-05 0.999879 0 
4 4 0.444444 0.110521 0.0251772 0.109431 0.0296332 0.114657 0.0309458 0.10973 0.0253608 -0.0141475 -0.00179133 0.997705 0 
4 5 0.444444 0.114193 0.0256518 0.107798 0.0224926 0.122521 0.0325919 0.102907 0.0293108 -0.00853505 -0.00895649 1.01105 0 
5 1 0.444444 0.123641 0.0316928 0.117304 0.0253155 0.101736 0.0336614 0.0899085 0.0291473 0.0231791 0.0210607 0.971774 0 
5 2 0.444444 0.12383 0.0363852 0.113967 0.0188321 0.0977733 0.0269502 0.111213 0.0289247 0.0455031 0.00209238 0.998022 0 
5 3 0.444444 0.122265 0.0367382 0.110999 0.0194858 0.101305 0.0256566 0.111839 0.0299722 0.0426283 -0.000245559 1.00261 0 
5 4 0.444444 0.126692 0.0377699 0.107556 0.019899 0.100045 0.0266853 0.111392 0.0293788 0.0474862 -0.00224422 1.00643 0 
5 5 0.444444 0.120191 0.0302688 0.106094 0.024695 0.0993766 0.0262141 0.132343 0.0223434 0.0231555 -0.0204055 1.03062 0 

1 1 0.444444 0.111111 0.0277777 0.111111 0.0277777 0.111111 0.0277777 0.111111 0.0277777 0 2.77556e-17 0.999999 0 
1 2 0.444444 0.111111 0.0277777 0.111111 0.0277777 0.111111 0.0277777 0.111111 0.0277777 0 2.77556e-17 0.999999 0 
1 3 0.444444 0.111111 0.0277777 0.111111 0.0277777 0.111111 0.0277777 0.111111 0.0277777 0 2.77556e-17 0.999999 0 
1 4 0.444444 0.111111 0.0277777 0.111111 0.0277777 0.111111 0.0277777 0.111111 0.0277777 -1.38778e-17 2.77556e-17 0.999999 0 
1 5 0.444444 0.111111 0.0277777 0.111111 0.0277777 0.111111 0.0277777 0.111111 0.0277777 2.77556e-17 2.77556e-17 0.999999 0 
2 1 0.444444 0.10875 0.0272469 0.111267 0.0283927 0.113328 0.0250198 0.114379 0.0271281 -0.00361411 0.000379484 0.99962 0 
2 2 0.444444 0.11077 0.0283422 0.112843 0.0280793 0.109731 0.0263429 0.112973 0.0258642 0.000820303 0.00406903 0.995947 0 
2 3 0.444444 0.113725 0.0284404 0.11113 0.0271326 0.108494 0.0289691 0.111115 0.0265604 0.0041293 5.82576e-05 0.999941 0 
2 4 0.444444 0.112513 0.027487 0.109409 0.0272175 0.111422 0.0296528 0.109359 0.0291504 0.000861617 -0.00406449 1.00408 0 
2 5 0.444444 0.108961 0.0271895 0.11097 0.0283014 0.113413 0.0284051 0.107925 0.0304553 -0.00351471 -0.00032402 1.00032 0 
3 1 0.444444 0.115289 0.0240374 0.109462 0.0272873 0.114429 0.0272952 0.109121 0.0301832 0.000502511 -0.00586388 1.00968 0 
3 2 0.444444 0.107863 0.0282089 0.112927 0.0282543 0.111919 0.0275601 0.107197 0.0315194 -0.000141766 0.00311146 0.999236 0 
3 3 0.444444 0.107698 0.0272277 0.110995 0.0282751 0.114621 0.0255263 0.111105 0.0301877 -0.00331091 -0.000320473 1.00043 0 
3 4 0.444444 0.110052 0.0272077 0.109222 0.0274032 0.114654 0.024144 0.114751 0.0283176 -0.000623622 -0.003384 1.00117 0 
3 5 0.444444 0.107539 0.0282298 0.112915 0.0315309 0.10729 0.0254365 0.112662 0.0284961 7.96645e-06 0.00602783 0.99035 0 
4 1 0.444444 0.106809 0.0303408 0.117882 0.0299151 0.106161 0.0249842 0.114579 0.021437 -0.00241969 0.0167676 0.975507 0 
4 2 0.444444 0.112418 0.0252919 0.109881 0.029732 0.113316 0.0310938 0.108756 0.024078 -0.0122699 0.000969917 0.992414 0 
4 3 0.444444 0.112003 0.0266146 0.110764 0.0287406 0.110651 0.0295691 0.111076 0.0262553 -0.00409044 -0.000782032 1.00062 0 
4 4 0.444444 0.109534 0.0260172 0.112139 0.0300869 0.109689 0.0315966 0.113223 0.0246337 -0.0112663 -0.00121909 1.00773 0 
4 5 0.444444 0.116411 0.0260364 0.104873 0.0252946 0.114513 0.0340208 0.108581 0.0302968 -0.00111034 -0.0171002 1.02635 0 
5 1 0.444444 0.125122 0.0269271 0.116211 0.0249395 0.110683 0.030492 0.0908128 0.0284896 0.0142144 0.0180176 0.983635 0 
5 2 0.444444 0.125235 0.0304221 0.116311 0.0223541 0.101898 0.0266609 0.107264 0.0291188 0.0342935 0.00612126 1.01397 0 
5 3 0.444444 0.119175 0.0343257 0.110834 0.0216023 0.10349 0.0274287 0.111847 0.02825 0.0292822 -0.000765158 1.002 0 
5 4 0.444444 0.121964 0.0334453 0.105168 0.0254892 0.0977144 0.0258781 0.116426 0.0294284 0.0354073 -0.00755582 0.989063 0 
5 5 0.444444 0.1122 0.0308729 0.106836 0.0284187 0.096844 0.0269036 0.13203 0.025519 0.0167424 -0.0186788 1.02104 0 

1 1 0.444444 0.111111 0.0277777 0.111111 0.0277777 0.111111 0.0277777 0.111111 0.0277777 0 2.77556e-17 0.999999 0 
1 2 0.444444 0.111111 0.0277777 0.111111 0.0277777 0.111111 0.0277777 0.111111 0.0277777 0 2.77556e-17 0.999999 0 
1 3 0.444444 0.111111 0.0277777 0.111111 0.0277777 0.111111 0.0277777 0.111111 0.0277777 0 2.77556e-17 0.999999 0 
1 4 0.444444 0.111111 0.0277777 0.111111 0.0277777 0.111111 0.0277777 0.111111 0.0277777 -1.38778e-17 2.77556e-17 0.999999 0 
1 5 0.444444 0.111111 0.0277777 0.111111 0.0277777 0.111111 0.0277777 0.111111 0.0277777 2.77556e-17 2.77556e-17 0.999999 0 
2 1 0.444444 0.10875 0.0272469 0.111267 0.0283927 0.113328 0.0250198 0.114379 0.0271281 -0.00361411 0.000379484 0.99962 0 
2 2 0.444444 0.11077 0.0283422 0.112843 0.0280793 0.109731 0.0263429 0.112973 0.0258642 0.000820303 0.00406903 0.995947 0 
2 3 0.444444 0.113725 0.0284404 0.11113 0.0271326 0.108494 0.0289691 0.111115 0.0265604 0.0041293 5.82576e-05 0.999941 0 
2 4 0.444444 0.112513 0.027487 0.109409 0.0272175 0.111422 0.0296528 0.109359 0.0291504 0.000861617 -0.00406449 1.00408 0 
2 5 0.444444 0.108961 0.0271895 0.11097 0.0283014 0.113413 0.0284051 0.107925 0.0304553 -0.00351471 -0.00032402 1.00032 0 
3 1 0.444444 0.115289 0.0240374 0.109462 0.0272873 0.114429 0.0272952 0.109121 0.0301832 0.000502511 -0.00586388 1.00968 0 
3 2 0.444444 0.107863 0.0282089 0.112927 0.0282543 0.111919 0.0275601 0.107197 0.0315194 -0.000141766 0.00311146 0.999236 0 
3 3 0.444444 0.107698 0.0272277 0.110995 0.0282751 0.114621 0.0255263 0.111105 0.0301877 -0.00331091 -0.000320473 1.00043 0 
3 4 0.444444 0.110052 0.0272077 0.109222 0.0274032 0.114654 0.024144 0.114751 0.0283176 -0.000623622 -0.003384 1.00117 0 
3 5 0.444444 0.107539 0.0282298 0.112915 0.0315309 0.10729 0.0254365 0.112662 0.0284961 7.96645e-06 0.00602783 0.99035 0 
4 1 0.444444 0.106809 0.0303408 0.117882 0.0299151 0.106161 0.0249842 0.114579 0.021437 -0.00241969 0.0167676 0.975507 0 
4 2 0.444444 0.112418 0.0252919 0.109881 0.029732 0.113316 0.0310938 0.108756 0.024078 -0.0122699 0.000969917 0.992414 0 
4 3 0.444444 0.112003 0.0266146 0.110764 0.0287406 0.110651 0.0295691 0.111076 0.0262553 -0.00409044 -0.000782032 1.00062 0 
4 4 0.444444 0.109534 0.0260172 0.112139 0.0300869 0.109689 0.0315966 0.113223 0.0246337 -0.0112663 -0.00121909 1.00773 0 
4 5 0.444444 0.116411 0.0260364 0.104873 0.0252946 0.114513 0.0340208 0.108581 0.0302968 -0.00111034 -0.0171002 1.02635 0 
5 1 0.444444 0.125122 0.0269271 0.116211 0.0249395 0.110683 0.030492 0.0908128 0.0284896 0.0142144 0.0180176 0.983635 0 
5 2 0.444444 0.125235 0.0304221 0.116311 0.0223541 0.101898 0.0266609 0.107264 0.0291188 0.0342935 0.00612126 1.01397 0 
5 3 0.444444 0.119175 0.0343257 0.110834 0.0216023 0.10349 0.0274287 0.111847 0.02825 0.0292822 -0.000765158 1.002 0 
5 4 0.444444 0.121964 0.0334453 0.105168 0.0254892 0.0977144 0.0258781 0.116426 0.0294284 0.0354073 -0.00755582 0.989063 0 
5 5 0.444444 0.1122 0.0308729 0.106836 0.0284187 0.096844 0.0269036 0.13203 0.025519 0.0167424 -0.0186788 1.02104 0 

1 1 0.444444 0.112405 0.027811 0.11034 0.02736 0.110591 0.0292284 0.109717 0.0283931 0.00143211 -0.0018303 1.00183 0 
1 2 0.444444 0.110456 0.0272376 0.110102 0.027815 0.112782 0.0275063 0.111464 0.0285775 -0.00183664 -0.0023984 1.0024 0 
1 3 0.444444 0.108713 0.0271836 0.111121 0.0283835 0.113512 0.026685 0.111074 0.0288951 -0.00378872 3.37775e-05 0.999965 0 
1 4 0.444444 0.109446 0.0277323 0.112105 0.0283219 0.111788 0.0270099 0.110709 0.0280888 -0.00184906 0.00234694 0.997658 0 
1 5 0.444444 0.111599 0.0281894 0.11188 0.0277515 0.109857 0.0271786 0.112447 0.0263762 0.00137521 0.00181676 0.998186 0 
2 1 0.444444 0.109438 0.0301545 0.109629 0.0271431 0.11055 0.0277073 0.112901 0.0274911 0.00167755 -0.00116942 0.996486 0 
2 2 0.444444 0.114541 0.0287169 0.11167 0.0271296 0.108494 0.0279725 0.110388 0.0253329 0.00495613 0.00379326 0.991261 0 
2 3 0.444444 0.115719 0.0288367 0.111047 0.0267084 0.106617 0.0300102 0.111182 0.0255019 0.00672304 -0.00010166 1.00007 0 
2 4 0.444444 0.11377 0.0284427 0.110603 0.0268708 0.107693 0.0301248 0.111985 0.0274558 0.00501938 -0.00367748 1.00862 0 
2 5 0.444444 0.11184 0.0284622 0.112577 0.0254181 0.112509 0.0279889 0.109698 0.0276034 0.00199594 0.00117034 1.00343 0 
3 1 0.444444 0.109006 0.0274574 0.109228 0.0273915 0.113873 0.026671 0.114168 0.0294326 -0.00205919 -0.0062538 1.01039 0 
3 2 0.444444 0.103002 0.0283348 0.114572 0.030814 0.1129 0.0262101 0.108813 0.0312566 -0.00733997 0.00744987 1.00134 0 
3 3 0.444444 0.105882 0.0252224 0.111085 0.0304073 0.116464 0.026486 0.111211 0.0290787 -0.013179 -6.07602e-05 1.0004 0 
3 4 0.444444 0.109429 0.0248662 0.107809 0.0272289 0.118948 0.0244612 0.113693 0.0291117 -0.00722539 -0.00735574 0.999082 0 
3 5 0.444444 0.1087 0.0280807 0.112759 0.0278526 0.113637 0.0263198 0.107864 0.0288985 -0.00211244 0.00556206 0.990434 0 
4 1 0.444444 0.105373 0.0302362 0.117204 0.0297345 0.108259 0.0260806 0.114076 0.0209303 -0.00736229 0.0157201 0.97401 0 
4 2 0.444444 0.108482 0.0298418 0.108737 0.0282861 0.114002 0.0283761 0.111203 0.025191 -0.00708733 0.00207733 0.990325 0 
4 3 0.444444 0.114256 0.0284315 0.111052 0.0270128 0.10813 0.0284588 0.110585 0.0276891 0.00677516 -0.000236679 1 0 
4 4 0.444444 0.109118 0.0274231 0.112775 0.0252451 0.113712 0.030556 0.110803 0.0276128 -0.00541008 -0.00356228 1.01052 0 
4 5 0.444444 0.114395 0.0262436 0.105108 0.0253869 0.116304 0.0345807 0.108938 0.0294026 -0.00639296 -0.0166058 1.0283 0 
5 1 0.444444 0.122831 0.032274 0.118039 0.025802 0.104005 0.0333259 0.0896486 0.0293246 0.0211039 0.0236009 0.989876 0 
5 2 0.444444 0.128132 0.0328563 0.113942 0.0212006 0.095197 0.0317216 0.108312 0.0280886 0.0413711 -0.000124047 1.01111 0 
5 3 0.444444 0.12253 0.0359387 0.110669 0.0200365 0.100865 0.0283962 0.11139 0.0274772 0.0366577 -0.00061958 1.0003 0 
5 4 0.444444 0.129751 0.0352888 0.107166 0.0229102 0.0955729 0.0275898 0.11351 0.0243214 0.042849 -5.51607e-05 0.988614 0 
5 5 0.444444 0.11771 0.0297537 0.10558 0.0240528 0.100101 0.0259799 0.132596 0.0232377 0.0208396 -0.0227225 1.01448 0 

1 1 0.444444 0.112405 0.027811 0.11034 0.02736 0.110591 0.0292284 0.109717 0.0283931 0.00143211 -0.0018303 1.00183 0 
1 2 0.444444 0.110456 0.0272376 0.110102 0.027815 0.112782 0.0275063 0.111464 0.0285775 -0.00183664 -0.0023984 1.0024 0 
1 3 0.444444 0.108713 0.0271836 0.111121 0.0283835 0.113512 0.026685 0.111074 0.0288951 -0.00378872 3.37775e-05 0.999965 0 
1 4 0.444444 0.109446 0.0277323 0.112105 0.0283219 0.111788 0.0270099 0.110709 0.0280888 -0.00184906 0.00234694 0.997658 0 
1 5 0.444444 0.111599 0.0281894 0.11188 0.0277515 0.109857 0.0271786 0.112447 0.0263762 0.00137521 0.00181676 0.998186 0 
2 1 0.444444 0.109438 0.0301545 0.109629 0.0271431 0.11055 0.0277073 0.112901 0.0274911 0.00167755 -0.00116942 0.996486 0 
2 2 0.444444 0.114541 0.0287169 0.11167 0.0271296 0.108494 0.0279725 0.110388 0.0253329 0.00495613 0.00379326 0.991261 0 
2 3 0.444444 0.115719 0.0288367 0.111047 0.0267084 0.106617 0.0300102 0.111182 0.0255019 0.00672304 -0.00010166 1.00007 0 
2 4 0.444444 0.11377 0.0284427 0.110603 0.0268708 0.107693 0.0301248 0.111985 0.0274558 0.00501938 -0.00367748 1.00862 0 
2 5 0.444444 0.11184 0.0284622 0.112577 0.0254181 0.112509 0.0279889 0.109698 0.0276034 0.00199594 0.00117034 1.00343 0 
3 1 0.444444 0.109006 0.0274574 0.109228 0.0273915 0.113873 0.026671 0.114168 0.0294326 -0.00205919 -0.0062538 1.01039 0 
3 2 0.444444 0.103002 0.0283348 0.114572 0.030814 0.1129 0.0262101 0.108813 0.0312566 -0.00733997 0.00744987 1.00134 0 
3 3 0.444444 0.105882 0.0252224 0.111085 0.0304073 0.116464 0.026486 0.111211 0.0290787 -0.013179 -6.07602e-05 1.0004 0 
3 4 0.444444 0.109429 0.0248662 0.107809 0.0272289 0.118948 0.0244612 0.113693 0.0291117 -0.00722539 -0.00735574 0.999082 0 
3 5 0.444444 0.1087 0.0280807 0.112759 0.0278526 0.113637 0.0263198 0.107864 0.0288985 -0.00211244 0.00556206 0.990434 0 
4 1 0.444444 0.105373 0.0302362 0.117204 0.0297345 0.108259 0.0260806 0.114076 0.0209303 -0.00736229 0.0157201 0.97401 0 
4 2 0.444444 0.108482 0.0298418 0.108737 0.0282861 0.114002 0.0283761 0.111203 0.025191 -0.00708733 0.00207733 0.990325 0 
4 3 0.444444 0.114256 0.0284315 0.111052 0.0270128 0.10813 0.0284588 0.110585 0.0276891 0.00677516 -0.000236679 1 0 
4 4 0.444444 0.109118 0.0274231 0.112775 0.0252451 0.113712 0.030556 0.110803 0.0276128 -0.00541008 -0.00356228 1.01052 0 
4 5 0.444444 0.114395 0.0262436 0.105108 0.0253869 0.116304 0.0345807 0.108938 0.0294026 -0.00639296 -0.0166058 1.0283 0 
5 1 0.444444 0.122831 0.032274 0.118039 0.025802 0.104005 0.0333259 0.0896486 0.0293246 0.0211039 0.0236009 0.989876 0 
5 2 0.444444 0.128132 0.0328563 0.113942 0.0212006 0.095197 0.0317216 0.108312 0.0280886 0.0413711 -0.000124047 1.01111 0 
5 3 0.444444 0.12253 0.0359387 0.110669 0.0200365 0.100865 0.0283962 0.11139 0.0274772 0.0366577 -0.00061958 1.0003 0 
5 4 0.444444 0.129751 0.0352888 0.107166 0.0229102 0.0955729 0.0275898 0.11351 0.0243214 0.042849 -5.51607e-05 0.988614 0 
5 5 0.444444 0.11771 0.0297537 0.10558 0.0240528 0.100101 0.0259799 0.132596 0.0232377 0.0208396 -0.0227225 1.01448 0 

1 1 0.444444 0.111055 0.0262008 0.112516 0.027572 0.111567 0.0282346 0.11078 0.0281631 -0.00196134 -0.000891809 1.00339 0 
1 2 0.444444 0.108227 0.027539 0.111796 0.0280524 0.113146 0.026872 0.113194 0.0276588 -0.00467037 -0.000339639 1.0058 0 
1 3 0.444444 0.106463 0.0274537 0.111128 0.0281041 0.115821 0.0269927 0.111012 0.0286662 -0.00833466 1.41932e-05 0.999982 0 
1 4 0.444444 0.10908 0.0274735 0.110474 0.028004 0.11405 0.0279867 0.108902 0.0287265 -0.0047367 0.000333695 0.994299 0 
1 5 0.444444 0.11062 0.0279234 0.109658 0.029309 0.11133 0.0274667 0.111295 0.0274661 -0.0020911 0.000660416 0.996834 0 
2 1 0.444444 0.112791 0.0278697 0.11009 0.0268619 0.11098 0.0288287 0.108752 0.028909 0.00289091 -0.00166389 0.996872 0 
2 2 0.444444 0.114163 0.0283887 0.111223 0.0262065 0.110066 0.0274222 0.110384 0.0264216 0.00523933 0.00157838 0.991527 0 
2 3 0.444444 0.116137 0.0302511 0.110956 0.0253022 0.106396 0.0288525 0.111189 0.0267156 0.0125558 -0.000248402 1.00029 0 
2 4 0.444444 0.11223 0.0293031 0.110781 0.0271067 0.108338 0.0290285 0.111927 0.0282515 0.00535466 -0.00203255 1.0088 0 
2 5 0.444444 0.111004 0.0286739 0.112113 0.0279299 0.10932 0.0266001 0.113482 0.0268664 0.00270138 0.00177307 1.00271 0 
3 1 0.444444 0.109264 0.0279334 0.109375 0.0276661 0.110733 0.0285692 0.113461 0.0293043 -0.000468246 -0.00638555 1.00449 0 
3 2 0.444444 0.105551 0.0250048 0.115437 0.0318518 0.113471 0.027672 0.105789 0.0308767 -0.0115523 0.00794896 0.999039 0 
3 3 0.444444 0.106179 0.02392 0.111106 0.0317552 0.116499 0.0283367 0.111138 0.0270028 -0.019478 0.000303837 0.999361 0 
3 4 0.444444 0.109178 0.0239262 0.106778 0.0304644 0.116393 0.0249017 0.116984 0.0274682 -0.0112064 -0.00819918 1.00189 0 
3 5 0.444444 0.111885 0.0278399 0.11256 0.0274923 0.112788 0.0265485 0.10912 0.0269089 -0.000194666 0.00530189 0.997122 0 
4 1 0.444444 0.102291 0.0288385 0.119177 0.0287734 0.113168 0.0229396 0.117466 0.0209005 -0.0126671 0.0152628 0.983932 0 
4 2 0.444444 0.112483 0.0281307 0.111329 0.0270236 0.116076 0.0267691 0.108822 0.0244444 -0.00479536 0.00642662 0.996416 0 
4 3 0.444444 0.111266 0.0266578 0.11094 0.028799 0.111149 0.0286086 0.111197 0.0270109 -0.00362312 -0.00041968 1.00036 0 
4 4 0.444444 0.106869 0.028782 0.110864 0.0274011 0.109044 0.0310256 0.113417 0.0286552 -0.00317209 -0.00606571 1.00285 0 
4 5 0.444444 0.10944 0.0271694 0.10354 0.0265633 0.119291 0.0345976 0.105758 0.0325038 -0.0115269 -0.0158452 1.01815 0 
5 1 0.444444 0.1279 0.0281848 0.112847 0.0257395 0.109202 0.0293218 0.0914815 0.0294777 0.0210192 0.0162745 0.985244 0 
5 2 0.444444 0.127436 0.0319277 0.111917 0.0222026 0.0963932 0.0295029 0.109777 0.0287725 0.040114 -0.00200892 1.00213 0 
5 3 0.444444 0.127762 0.0338209 0.110316 0.0228204 0.0964226 0.0253332 0.1113 0.0308287 0.0478756 -0.000505539 1.00093 0 
5 4 0.444444 0.12684 0.033909 0.109688 0.0239992 0.0966122 0.0267446 0.113178 0.0264423 0.0398003 0.0012297 0.999034 0 
5 5 0.444444 0.113708 0.0301907 0.1103 0.0269224 0.0949279 0.0259497 0.130917 0.0268536 0.0233815 -0.0166127 1.02039 0 

1 1 0.444444 0.111055 0.0262008 0.112516 0.027572 0.111567 0.0282346 0.11078 0.0281631 -0.00196134 -0.000891809 1.00339 0 
1 2 0.444444 0.108227 0.027539 0.111796 0.0280524 0.113146 0.026872 0.113194 0.0276588 -0.00467037 -0.000339639 1.0058 0 
1 3 0.444444 0.106463 0.0274537 0.111128 0.0281041 0.115821 0.0269927 0.111012 0.0286662 -0.00833466 1.41932e-05 0.999982 0 
1 4 0.444444 0.10908 0.0274735 0.110474 0.028004 0.11405 0.0279867 0.108902 0.0287265 -0.0047367 0.000333695 0.994299 0 
1 5 0.444444 0.11062 0.0279234 0.109658 0.029309 0.11133 0.0274667 0.111295 0.0274661 -0.0020911 0.000660416 0.996834 0 
2 1 0.444444 0.112791 0.0278697 0.11009 0.0268619 0.11098 0.0288287 0.108752 0.028909 0.00289091 -0.00166389 0.996872 0 
2 2 0.444444 0.114163 0.0283887 0.111223 0.0262065 0.110066 0.0274222 0.110384 0.0264216 0.00523933 0.00157838 0.991527 0 
2 3 0.444444 0.116137 0.0302511 0.110956 0.0253022 0.106396 0.0288525 0.111189 0.0267156 0.0125558 -0.000248402 1.00029 0 
2 4 0.444444 0.11223 0.0293031 0.110781 0.0271067 0.108338 0.0290285 0.111927 0.0282515 0.00535466 -0.00203255 1.0088 0 
2 5 0.444444 0.111004 0.0286739 0.112113 0.0279299 0.10932 0.0266001 0.113482 0.0268664 0.00270138 0.00177307 1.00271 0 
3 1 0.444444 0.109264 0.0279334 0.109375 0.0276661 0.110733 0.0285692 0.113461 0.0293043 -0.000468246 -0.00638555 1.00449 0 
3 2 0.444444 0.105551 0.0250048 0.115437 0.0318518 0.113471 0.027672 0.105789 0.0308767 -0.0115523 0.00794896 0.999039 0 
3 3 0.444444 0.106179 0.02392 0.111106 0.0317552 0.116499 0.0283367 0.111138 0.0270028 -0.019478 0.000303837 0.999361 0 
3 4 0.444444 0.109178 0.0239262 0.106778 0.0304644 0.116393 0.0249017 0.116984 0.0274682 -0.0112064 -0.00819918 1.00189 0 
3 5 0.444444 0.111885 0.0278399 0.11256 0.0274923 0.112788 0.0265485 0.10912 0.0269089 -0.000194666 0.00530189 0.997122 0 
4 1 0.444444 0.102291 0.0288385 0.119177 0.0287734 0.113168 0.0229396 0.117466 0.0209005 -0.0126671 0.0152628 0.983932 0 
4 2 0.444444 0.112483 0.0281307 0.111329 0.0270236 0.116076 0.0267691 0.108822 0.0244444 -0.00479536 0.00642662 0.996416 0 
4 3 0.444444 0.111266 0.0266578 0.11094 0.028799 0.111149 0.0286086 0.111197 0.0270109 -0.00362312 -0.00041968 1.00036 0 
4 4 0.444444 0.106869 0.028782 0.110864 0.0274011 0.109044 0.0310256 0.113417 0.0286552 -0.00317209 -0.00606571 1.00285 0 
4 5 0.444444 0.10944 0.0271694 0.10354 0.0265633 0.119291 0.0345976 0.105758 0.0325038 -0.0115269 -0.0158452 1.01815 0 
5 1 0.444444 0.1279 0.0281848 0.112847 0.0257395 0.109202 0.0293218 0.0914815 0.0294777 0.0210192 0.0162745 0.985244 0 
5 2 0.444444 0.127436 0.0319277 0.111917 0.0222026 0.0963932 0.0295029 0.109777 0.0287725 0.040114 -0.00200892 1.00213 0 
5 3 0.444444 0.127762 0.0338209 0.110316 0.0228204 0.0964226 0.0253332 0.1113 0.0308287 0.0478756 -0.000505539 1.00093 0 
5 4 0.444444 0.12684 0.033909 0.109688 0.0239992 0.0966122 0.0267446 0.113178 0.0264423 0.0398003 0.0012297 0.999034 0 
5 5 0.444444 0.113708 0.0301907 0.1103 0.0269224 0.0949279 0.0259497 0.130917 0.0268536 0.0233815 -0.0166127 1.02039 0 

1 1 0.444444 0.109856 0.0276991 0.113606 0.0281976 0.110154 0.0277736 0.111085 0.0272134 -0.00135726 0.00343086 1.00008 0 
1 2 0.444444 0.109243 0.028048 0.11048 0.0290658 0.111865 0.0281258 0.113538 0.0263447 -0.00545707 -0.000417368 1.00719 0 
1 3 0.444444 0.10738 0.0269072 0.111194 0.0286008 0.114936 0.0282643 0.110995 0.0274114 -0.0101036 3.198e-05 1.00003 0 
1 4 0.444444 0.110354 0.0264129 0.111869 0.0275003 0.112978 0.0292932 0.108672 0.02744 -0.00553026 0.000375361 0.993096 0 
1 5 0.444444 0.112176 0.0273285 0.108787 0.0277087 0.112324 0.0283867 0.111162 0.027704 -0.0012111 -0.00342849 1.00003 0 
2 1 0.444444 0.112393 0.0273454 0.111342 0.0277647 0.112104 0.0276654 0.10872 0.0286714 0.000878151 0.00139824 1.00288 0 
2 2 0.444444 0.111654 0.030145 0.110749 0.0266774 0.110447 0.0256306 0.112749 0.0264864 0.00549676 0.00268883 0.993163 0 
2 3 0.444444 0.115733 0.0297947 0.111013 0.0257911 0.106625 0.0286581 0.111314 0.026871 0.0113297 -0.000245099 1.00053 0 
2 4 0.444444 0.111627 0.0288048 0.111229 0.0254498 0.110954 0.0289542 0.109516 0.030264 0.00537462 -0.00327376 1.00767 0 
2 5 0.444444 0.109856 0.0277888 0.110971 0.0281366 0.110162 0.0269105 0.113061 0.0281957 0.000629358 -0.00126757 0.996938 0 
3 1 0.444444 0.112908 0.0263313 0.108773 0.0282971 0.109786 0.0300031 0.110998 0.0293634 0.000518465 -0.00699741 1.00541 0 
3 2 0.444444 0.103475 0.0263098 0.113361 0.0326397 0.11275 0.0276579 0.107786 0.0307207 -0.0124636 0.00610658 0.992934 0 
3 3 0.444444 0.105948 0.0246537 0.110928 0.0309181 0.116646 0.0274626 0.110984 0.0282685 -0.0161492 -0.000215546 0.999507 0 
3 4 0.444444 0.109723 0.0231842 0.109137 0.0289387 0.118706 0.0249111 0.114389 0.0279389 -0.0117877 -0.00601856 1.0074 0 
3 5 0.444444 0.112332 0.0272506 0.113267 0.0292429 0.109257 0.0264775 0.111265 0.0259004 0.00050414 0.00609588 0.996086 0 
4 1 0.444444 0.0986316 0.0317472 0.119382 0.0279266 0.11211 0.0252446 0.117006 0.0220531 -0.012708 0.0145891 0.987612 0 
4 2 0.444444 0.113135 0.0278151 0.113448 0.0271704 0.116 0.0295194 0.105162 0.023166 -0.00855523 0.0105632 0.997598 0 
4 3 0.444444 0.109747 0.0302026 0.110828 0.0252865 0.112832 0.0287111 0.11096 0.0268884 7.65776e-06 -0.00024225 0.999364 0 
4 4 0.444444 0.10738 0.0285644 0.10832 0.0273956 0.10864 0.0325729 0.117417 0.0259862 -0.00669759 -0.0117293 1.00315 0 
4 5 0.444444 0.110539 0.0278619 0.103223 0.0236793 0.123056 0.033502 0.106107 0.0302784 -0.0117085 -0.01532 1.01427 0 
5 1 0.444444 0.125498 0.0335324 0.113804 0.0266233 0.103393 0.0310039 0.0909276 0.029044 0.026553 0.0225579 0.979001 0 
5 2 0.444444 0.128847 0.0355635 0.112822 0.0201786 0.0960277 0.0285752 0.108609 0.0284817 0.0482754 0.00290819 1.00378 0 
5 3 0.444444 0.128079 0.0352876 0.110661 0.0210418 0.096124 0.0273957 0.111836 0.028242 0.0471287 -0.000484551 1.00192 0 
5 4 0.444444 0.128943 0.0363535 0.108081 0.0208523 0.0954845 0.027188 0.113592 0.0280253 0.0497442 -0.0035146 0.998816 0 
5 5 0.444444 0.117981 0.0286581 0.109946 0.023121 0.0987481 0.026292 0.13052 0.0254864 0.0245143 -0.0210458 1.02491 0 

1 1 0.444444 0.109856 0.0276991 0.113606 0.0281976 0.110154 0.0277736 0.111085 0.0272134 -0.00135726 0.00343086 1.00008 0 
1 2 0.444444 0.109243 0.028048 0.11048 0.0290658 0.111865 0.0281258 0.113538 0.0263447 -0.00545707 -0.000417368 1.00719 0 
1 3 0.444444 0.10738 0.0269072 0.111194 0.0286008 0.114936 0.0282643 0.110995 0.0274114 -0.0101036 3.198e-05 1.00003 0 
1 4 0.444444 0.110354 0.0264129 0.111869 0.0275003 0.112978 0.0292932 0.108672 0.02744 -0.00553026 0.000375361 0.993096 0 
1 5 0.444444 0.112176 0.0273285 0.108787 0.0277087 0.112324 0.0283867 0.111162 0.027704 -0.0012111 -0.00342849 1.00003 0 
2 1 0.444444 0.112393 0.0273454 0.111342 0.0277647 0.112104 0.0276654 0.10872 0.0286714 0.000878151 0.00139824 1.00288 0 
2 2 0.444444 0.111654 0.030145 0.110749 0.0266774 0.110447 0.0256306 0.112749 0.0264864 0.00549676 0.00268883 0.993163 0 
2 3 0.444444 0.115733 0.0297947 0.111013 0.0257911 0.106625 0.0286581 0.111314 0.026871 0.0113297 -0.000245099 1.00053 0 
2 4 0.444444 0.111627 0.0288048 0.111229 0.0254498 0.110954 0.0289542 0.109516 0.030264 0.00537462 -0.00327376 1.00767 0 
2 5 0.444444 0.109856 0.0277888 0.110971 0.0281366 0.110162 0.0269105 0.113061 0.0281957 0.000629358 -0.00126757 0.996938 0 
3 1 0.444444 0.112908 0.0263313 0.108773 0.0282971 0.109786 0.0300031 0.110998 0.0293634 0.000518465 -0.00699741 1.00541 0 
3 2 0.444444 0.103475 0.0263098 0.113361 0.0326397 0.11275 0.0276579 0.107786 0.0307207 -0.0124636 0.00610658 0.992934 0 
3 3 0.444444 0.105948 0.0246537 0.110928 0.0309181 0.116646 0.0274626 0.110984 0.0282685 -0.0161492 -0.000215546 0.999507 0 
3 4 0.444444 0.109723 0.0231842 0.109137 0.0289387 0.118706 0.0249111 0.114389 0.0279389 -0.0117877 -0.00601856 1.0074 0 
3 5 0.444444 0.112332 0.0272506 0.113267 0.0292429 0.109257 0.0264775 0.111265 0.0259004 0.00050414 0.00609588 0.996086 0 
4 1 0.444444 0.0986316 0.0317472 0.119382 0.0279266 0.11211 0.0252446 0.117006 0.0220531 -0.012708 0.0145891 0.987612 0 
4 2 0.444444 0.113135 0.0278151 0.113448 0.0271704 0.116 0.0295194 0.105162 0.023166 -0.00855523 0.0105632 0.997598 0 
4 3 0.444444 0.109747 0.0302026 0.110828 0.0252865 0.112832 0.0287111 0.11096 0.0268884 7.65776e-06 -0.00024225 0.999364 0 
4 4 0.444444 0.10738 0.0285644 0.10832 0.0273956 0.10864 0.0325729 0.117417 0.0259862 -0.00669759 -0.0117293 1.00315 0 
4 5 0.444444 0.110539 0.0278619 0.103223 0.0236793 0.123056 0.033502 0.106107 0.0302784 -0.0117085 -0.01532 1.01427 0 
5 1 0.444444 0.125498 0.0335324 0.113804 0.0266233 0.103393 0.0310039 0.0909276 0.029044 0.026553 0.0225579 0.979001 0 
5 2 0.444444 0.128847 0.0355635 0.112822 0.0201786 0.0960277 0.0285752 0.108609 0.0284817 0.0482754 0.00290819 1.00378 0 
5 3 0.444444 0.128079 0.0352876 0.110661 0.0210418 0.096124 0.0273957 0.111836 0.028242 0.0471287 -0.000484551 1.00192 0 
5 4 0.444444 0.128943 0.0363535 0.108081 0.0208523 0.0954845 0.027188 0.113592 0.0280253 0.0497442 -0.0035146 0.998816 0 
5 5 0.444444 0.117981 0.0286581 0.109946 0.023121 0.0987481 0.026292 0.13052 0.0254864 0.0245143 -0.0210458 1.02491 0 

1 1 0.444444 0.111833 0.0283126 0.112347 0.0283615 0.108491 0.0286694 0.10999 0.0268049 0.0014228 0.00354105 0.995085 0 
1 2 0.444444 0.111726 0.0270146 0.109171 0.0296443 0.111286 0.0282194 0.112484 0.0271679 -0.00326244 -0.0020549 1.00732 0 
1 3 0.444444 0.109442 0.0264889 0.111172 0.0289502 0.112856 0.0275888 0.110992 0.0281152 -0.00534986 -8.4265e-05 1.00009 0 
1 4 0.444444 0.110968 0.0258723 0.113141 0.028545 0.110512 0.0283431 0.109693 0.0273866 -0.00315289 0.00212238 0.99285 0 
1 5 0.444444 0.113953 0.0272338 0.109958 0.0272878 0.110049 0.0286917 0.112536 0.0266217 0.00178805 -0.0033843 1.00488 0 
2 1 0.444444 0.111235 0.0287552 0.112139 0.0273787 0.112267 0.0274115 0.109543 0.0274287 0.000362555 0.00390232 1.00375 0 
2 2 0.444444 0.113207 0.0290141 0.111961 0.0260345 0.109782 0.0263829 0.111626 0.026812 0.00680201 0.0021794 0.994856 0 
2 3 0.444444 0.115209 0.0287014 0.111187 0.0269597 0.106903 0.0292506 0.111216 0.026255 0.00705429 0.000127043 1.00041 0 
2 4 0.444444 0.112365 0.029491 0.11001 0.0267208 0.109118 0.0286465 0.111078 0.0291161 0.00652172 -0.00263364 1.00596 0 
2 5 0.444444 0.109953 0.0282637 0.110146 0.0266157 0.111371 0.0281248 0.11249 0.0280341 0.000138753 -0.00361067 0.996316 0 
3 1 0.444444 0.113824 0.0251022 0.108741 0.0283598 0.112236 0.02794 0.112173 0.0287648 -0.000852323 -0.00673447 1.00983 0 
3 2 0.444444 0.102582 0.0276884 0.115218 0.0319722 0.110488 0.0267404 0.110102 0.0299829 -0.00889698 0.00800903 0.99381 0 
3 3 0.444444 0.10559 0.022535 0.111001 0.0330746 0.117145 0.0266946 0.111165 0.0288434 -0.019944 -9.16952e-05 0.999931 0 
3 4 0.444444 0.111974 0.0237074 0.106987 0.0277326 0.119396 0.025691 0.112299 0.0289763 -0.00821032 -0.00859035 1.00662 0 
3 5 0.444444 0.109938 0.0272658 0.113517 0.0301952 0.108828 0.0269517 0.109805 0.027786 -0.00097779 0.00638653 0.991519 0 
4 1 0.444444 0.099704 0.0304944 0.122932 0.0278926 0.111523 0.0251556 0.114308 0.0221334 -0.0120943 0.0194878 0.986641 0 
4 2 0.444444 0.109795 0.0267918 0.110784 0.0282294 0.118908 0.0295315 0.107956 0.0226665 -0.017285 0.00560821 0.991568 0 
4 3 0.444444 0.111276 0.0293831 0.110411 0.0260207 0.111319 0.0280134 0.111278 0.0278536 0.00315924 -0.00132987 0.999901 0 
4 4 0.444444 0.104248 0.0278109 0.111401 0.028613 0.112302 0.0329438 0.113788 0.0261047 -0.0158155 -0.0050499 1.00841 0 
4 5 0.444444 0.111392 0.0282551 0.100377 0.0248339 0.121135 0.0333278 0.109394 0.0298514 -0.00993615 -0.0193774 1.0155 0 
5 1 0.444444 0.125743 0.0297424 0.110882 0.0272162 0.109641 0.0283252 0.0940654 0.027932 0.0179446 0.0172394 0.982048 0 
5 2 0.444444 0.130321 0.0325901 0.110602 0.0234756 0.0973808 0.025707 0.108749 0.0303129 0.0468767 0.0019077 1.00511 0 
5 3 0.444444 0.126086 0.0353074 0.110472 0.0211219 0.0976937 0.0262783 0.111826 0.0297457 0.0461199 -0.000949712 1.00181 0 
5 4 0.444444 0.126795 0.0327781 0.110709 0.0238792 0.0935607 0.0253125 0.114837 0.0303098 0.0470781 -0.00308927 0.998761 0 
5 5 0.444444 0.113768 0.028891 0.112258 0.0252585 0.0966146 0.0275533 0.128213 0.0276435 0.0213307 -0.0173728 1.0237 0 

1 1 0.444444 0.111833 0.0283126 0.112347 0.0283615 0.108491 0.0286694 0.10999 0.0268049 0.0014228 0.00354105 0.995085 0 
1 2 0.444444 0.111726 0.0270146 0.109171 0.0296443 0.111286 0.0282194 0.112484 0.0271679 -0.00326244 -0.0020549 1.00732 0 
1 3 0.444444 0.109442 0.0264889 0.111172 0.0289502 0.112856 0.0275888 0.110992 0.0281152 -0.00534986 -8.4265e-05 1.00009 0 
1 4 0.444444 0.110968 0.0258723 0.113141 0.028545 0.110512 0.0283431 0.109693 0.0273866 -0.00315289 0.00212238 0.99285 0 
1 5 0.444444 0.113953 0.0272338 0.109958 0.0272878 0.110049 0.0286917 0.112536 0.0266217 0.00178805 -0.0033843 1.00488 0 
2 1 0.444444 0.111235 0.0287552 0.112139 0.0273787 0.112267 0.0274115 0.109543 0.0274287 0.000362555 0.00390232 1.00375 0 
2 2 0.444444 0.113207 0.0290141 0.111961 0.0260345 0.109782 0.0263829 0.111626 0.026812 0.00680201 0.0021794 0.994856 0 
2 3 0.444444 0.115209 0.0287014 0.111187 0.0269597 0.106903 0.0292506 0.111216 0.026255 0.00705429 0.000127043 1.00041 0 
2 4 0.444444 0.112365 0.029491 0.11001 0.0267208 0.109118 0.0286465 0.111078 0.0291161 0.00652172 -0.00263364 1.00596 0 
2 5 0.444444 0.109953 0.0282637 0.110146 0.0266157 0.111371 0.0281248 0.11249 0.0280341 0.000138753 -0.00361067 0.996316 0 
3 1 0.444444 0.113824 0.0251022 0.108741 0.0283598 0.112236 0.02794 0.112173 0.0287648 -0.000852323 -0.00673447 1.00983 0 
3 2 0.444444 0.102582 0.0276884 0.115218 0.0319722 0.110488 0.0267404 0.110102 0.0299829 -0.00889698 0.00800903 0.99381 0 
3 3 0.444444 0.10559 0.022535 0.111001 0.0330746 0.117145 0.0266946 0.111165 0.0288434 -0.019944 -9.16952e-05 0.999931 0 
3 4 0.444444 0.111974 0.0237074 0.106987 0.0277326 0.119396 0.025691 0.112299 0.0289763 -0.00821032 -0.00859035 1.00662 0 
3 5 0.444444 0.109938 0.0272658 0.113517 0.0301952 0.108828 0.0269517 0.109805 0.027786 -0.00097779 0.00638653 0.991519 0 
4 1 0.444444 0.099704 0.0304944 0.122932 0.0278926 0.111523 0.0251556 0.114308 0.0221334 -0.0120943 0.0194878 0.986641 0 
4 2 0.444444 0.109795 0.0267918 0.110784 0.0282294 0.118908 0.0295315 0.107956 0.0226665 -0.017285 0.00560821 0.991568 0 
4 3 0.444444 0.111276 0.0293831 0.110411 0.0260207 0.111319 0.0280134 0.111278 0.0278536 0.00315924 -0.00132987 0.999901 0 
4 4 0.444444 0.104248 0.0278109 0.111401 0.028613 0.112302 0.0329438 0.113788 0.0261047 -0.0158155 -0.0050499 1.00841 0 
4 5 0.444444 0.111392 0.0282551 0.100377 0.0248339 0.121135 0.0333278 0.109394 0.0298514 -0.00993615 -0.0193774 1.0155 0 
5 1 0.444444 0.125743 0.0297424 0.110882 0.0272162 0.109641 0.0283252 0.0940654 0.027932 0.0179446 0.0172394 0.982048 0 
5 2 0.444444 0.130321 0.0325901 0.110602 0.0234756 0.0973808 0.025707 0.108749 0.0303129 0.0468767 0.0019077 1.00511 0 
5 3 0.444444 0.126086 0.0353074 0.110472 0.0211219 0.0976937 0.0262783 0.111826 0.0297457 0.0461199 -0.000949712 1.00181 0 
5 4 0.444444 0.126795 0.0327781 0.110709 0.0238792 0.0935607 0.0253125 0.114837 0.0303098 0.0470781 -0.00308927 0.998761 0 
5 5 0.444444 0.113768 0.028891 0.112258 0.0252585 0.0966146 0.0275533 0.128213 0.0276435 0.0213307 -0.0173728 1.0237 0 

1 1 0.444444 0.112865 0.0270123 0.111598 0.0283555 0.109014 0.0283617 0.110501 0.0269136 0.00105403 0.00118338 0.993973 0 
1 2 0.444444 0.110454 0.0273105 0.110722 0.0288211 0.111793 0.0270841 0.112042 0.0281581 -0.00178406 -0.000431822 1.00531 0 
1 3 0.444444 0.109843 0.0277726 0.111243 0.0276619 0.112388 0.027177 0.111014 0.028465 -0.0011466 2.12114e-05 1.00005 0 
1 4 0.444444 0.110552 0.0267479 0.11127 0.0280928 0.111942 0.0274399 0.110068 0.0286385 -0.0015288 -3.59177e-05 0.994816 0 
1 5 0.444444 0.113127 0.0272709 0.110484 0.0288304 0.109223 0.0285902 0.111772 0.0272014 0.000961118 -0.000983952 1.00606 0 
2 1 0.444444 0.111093 0.0288578 0.112432 0.0265642 0.112204 0.0281977 0.108658 0.027902 0.000888455 0.00310312 1.00219 0 
2 2 0.444444 0.113547 0.0280744 0.112258 0.0256605 0.110104 0.0274176 0.110309 0.0273848 0.0057957 0.00087725 0.994576 0 
2 3 0.444444 0.113664 0.0295569 0.111045 0.0260116 0.108669 0.0286133 0.111187 0.0269199 0.00684827 -0.000106388 1.00034 0 
2 4 0.444444 0.111816 0.0298483 0.109811 0.0275828 0.109062 0.0282501 0.11205 0.0281049 0.00490066 -0.00116917 1.00604 0 
2 5 0.444444 0.1101 0.029018 0.109644 0.0267698 0.111048 0.0275698 0.11382 0.0272368 0.000964718 -0.00318794 0.997672 0 
3 1 0.444444 0.112811 0.0273531 0.107531 0.0283005 0.111258 0.0270556 0.113246 0.0289061 0.00246881 -0.00605244 1.00548 0 
3 2 0.444444 0.104243 0.0272934 0.116694 0.0313186 0.110623 0.0272751 0.108187 0.0302922 -0.00739617 0.00956205 1.00119 0 
3 3 0.444444 0.103524 0.0228543 0.110919 0.0327697 0.119795 0.0271573 0.110794 0.0285571 -0.0247914 3.41116e-05 1.00023 0 
3 4 0.444444 0.1117 0.0243759 0.105858 0.0282926 0.117187 0.0253685 0.114682 0.0281343 -0.00663245 -0.00965089 0.999159 0 
3 5 0.444444 0.111242 0.0272138 0.114222 0.027917 0.109795 0.0269163 0.108978 0.0287695 0.00258859 0.00467511 0.996545 0 
4 1 0.444444 0.10058 0.030488 0.12263 0.0284153 0.109332 0.0280091 0.112509 0.0224051 -0.0121568 0.0184176 0.98841 0 
4 2 0.444444 0.108371 0.028536 0.112319 0.0272673 0.120821 0.0298713 0.104813 0.022838 -0.0180814 0.010522 0.991821 0 
4 3 0.444444 0.113937 0.0281045 0.110645 0.0272921 0.10858 0.0297936 0.111206 0.0260706 0.00244727 -0.0010288 1.00041 0 
4 4 0.444444 0.103276 0.02875 0.108887 0.0264897 0.11365 0.0329437 0.117416 0.0259813 -0.0151944 -0.0123115 1.00871 0 
4 5 0.444444 0.113172 0.0275273 0.099782 0.0253016 0.120776 0.033096 0.111168 0.0275337 -0.0110795 -0.0194311 1.01394 0 
5 1 0.444444 0.124397 0.0347248 0.113688 0.0268018 0.105659 0.0299792 0.0924262 0.0271301 0.0235049 0.0253479 0.98546 0 
5 2 0.444444 0.13157 0.0338543 0.111404 0.022023 0.0935033 0.0279409 0.110769 0.0279419 0.0499823 0.000630028 1.00185 0 
5 3 0.444444 0.125465 0.0363798 0.110565 0.0197888 0.098546 0.0260585 0.111883 0.0298751 0.0473711 -0.00108472 1.00104 0 
5 4 0.444444 0.132153 0.0346435 0.108923 0.0224265 0.0930877 0.0277443 0.11176 0.0282367 0.0517812 -0.00174827 1.00013 0 
5 5 0.444444 0.115693 0.0285936 0.110467 0.0221395 0.0990017 0.0279361 0.129449 0.0268087 0.0224339 -0.0234274 1.02058 0 

1 1 0.444444 0.112865 0.0270123 0.111598 0.0283555 0.109014 0.0283617 0.110501 0.0269136 0.00105403 0.00118338 0.993973 0 
1 2 0.444444 0.110454 0.0273105 0.110722 0.0288211 0.111793 0.0270841 0.112042 0.0281581 -0.00178406 -0.000431822 1.00531 0 
1 3 0.444444 0.109843 0.0277726 0.111243 0.0276619 0.112388 0.027177 0.111014 0.028465 -0.0011466 2.12114e-05 1.00005 0 
1 4 0.444444 0.110552 0.0267479 0.11127 0.0280928 0.111942 0.0274399 0.110068 0.0286385 -0.0015288 -3.59177e-05 0.994816 0 
1 5 0.444444 0.113127 0.0272709 0.110484 0.0288304 0.109223 0.0285902 0.111772 0.0272014 0.000961118 -0.000983952 1.00606 0 
2 1 0.444444 0.111093 0.0288578 0.112432 0.0265642 0.112204 0.0281977 0.108658 0.027902 0.000888455 0.00310312 1.00219 0 
2 2 0.444444 0.113547 0.0280744 0.112258 0.0256605 0.110104 0.0274176 0.110309 0.0273848 0.0057957 0.00087725 0.994576 0 
2 3 0.444444 0.113664 0.0295569 0.111045 0.0260116 0.108669 0.0286133 0.111187 0.0269199 0.00684827 -0.000106388 1.00034 0 
2 4 0.444444 0.111816 0.0298483 0.109811 0.0275828 0.109062 0.0282501 0.11205 0.0281049 0.00490066 -0.00116917 1.00604 0 
2 5 0.444444 0.1101 0.029018 0.109644 0.0267698 0.111048 0.0275698 0.11382 0.0272368 0.000964718 -0.00318794 0.997672 0 
3 1 0.444444 0.112811 0.0273531 0.107531 0.0283005 0.111258 0.0270556 0.113246 0.0289061 0.00246881 -0.00605244 1.00548 0 
3 2 0.444444 0.104243 0.0272934 0.116694 0.0313186 0.110623 0.0272751 0.108187 0.0302922 -0.00739617 0.00956205 1.00119 0 
3 3 0.444444 0.103524 0.0228543 0.110919 0.0327697 0.119795 0.0271573 0.110794 0.0285571 -0.0247914 3.41116e-05 1.00023 0 
3 4 0.444444 0.1117 0.0243759 0.105858 0.0282926 0.117187 0.0253685 0.114682 0.0281343 -0.00663245 -0.00965089 0.999159 0 
3 5 0.444444 0.111242 0.0272138 0.114222 0.027917 0.109795 0.0269163 0.108978 0.0287695 0.00258859 0.00467511 0.996545 0 
4 1 0.444444 0.10058 0.030488 0.12263 0.0284153 0.109332 0.0280091 0.112509 0.0224051 -0.0121568 0.0184176 0.98841 0 
4 2 0.444444 0.108371 0.028536 0.112319 0.0272673 0.120821 0.0298713 0.104813 0.022838 -0.0180814 0.010522 0.991821 0 
4 3 0.444444 0.113937 0.0281045 0.110645 0.0272921 0.10858 0.0297936 0.111206 0.0260706 0.00244727 -0.0010288 1.00041 0 
4 4 0.444444 0.103276 0.02875 0.108887 0.0264897 0.11365 0.0329437 0.117416 0.0259813 -0.0151944 -0.0123115 1.00871 0 
4 5 0.444444 0.113172 0.0275273 0.099782 0.0253016 0.120776 0.033096 0.111168 0.0275337 -0.0110795 -0.0194311 1.01394 0 
5 1 0.444444 0.124397 0.0347248 0.113688 0.0268018 0.105659 0.0299792 0.0924262 0.0271301 0.0235049 0.0253479 0.98546 0 
5 2 0.444444 0.13157 0.0338543 0.111404 0.022023 0.0935033 0.0279409 0.110769 0.0279419 0.0499823 0.000630028 1.00185 0 
5 3 0.444444 0.125465 0.0363798 0.110565 0.0197888 0.098546 0.0260585 0.111883 0.0298751 0.0473711 -0.00108472 1.00104 0 
5 4 0.444444 0.132153 0.0346435 0.108923 0.0224265 0.0930877 0.0277443 0.11176 0.0282367 0.0517812 -0.00174827 1.00013 0 
5 5 0.444444 0.115693 0.0285936 0.110467 0.0221395 0.0990017 0.0279361 0.129449 0.0268087 0.0224339 -0.0234274 1.02058 0 
